# TimeStep: 0
0: 77 98 111 133 153 162 163 
1: 6 10 17 20 89 98 108 115 150 153 161 196 
2: 19 53 63 67 81 84 85 105 146 147 157 196 
3: 44 90 119 134 175 177 178 
4: 61 87 97 123 138 141 158 197 
5: 13 61 87 139 171 184 195 
6: 1 16 17 28 72 98 99 108 111 121 124 
7: 36 68 117 175 178 183 198 
8: 13 23 30 54 72 82 117 147 159 180 
9: 39 80 96 98 163 188 
10: 1 20 21 48 50 78 113 115 153 161 
11: 41 43 58 93 99 110 119 136 141 155 178 
12: 39 78 163 176 188 
13: 5 8 37 54 83 94 117 171 194 
14: 24 50 86 104 113 190 
15: 50 57 75 120 144 169 
16: 6 21 54 72 109 121 153 165 170 183 189 194 
17: 1 6 91 98 111 124 127 132 196 
18: 28 67 86 91 108 144 151 
19: 2 44 63 84 102 127 149 150 157 160 
20: 1 10 21 47 48 89 
21: 10 16 20 47 50 75 109 113 153 184 189 
22: 52 63 67 76 83 130 146 191 196 
23: 8 28 30 52 70 72 82 108 144 
24: 14 51 53 86 104 157 
25: 56 73 129 137 176 182 185 
26: 34 88 97 153 162 173 176 
27: 29 37 51 115 125 152 161 164 165 171 
28: 6 18 23 50 57 72 108 120 121 128 144 151 155 
29: 27 53 125 152 161 190 
30: 8 23 46 70 82 
31: 40 59 69 103 110 129 
32: 62 64 114 134 164 177 
33: 49 52 94 126 130 
34: 26 88 145 176 182 185 
35: 96 107 188 192 
36: 7 94 95 106 170 198 
37: 13 27 63 83 149 150 165 194 
38: 73 90 103 126 135 140 179 
39: 9 12 101 107 137 163 176 
40: 31 58 103 140 185 187 
41: 11 44 50 57 64 84 134 143 155 
42: 43 69 110 129 136 141 158 
43: 11 42 46 65 69 93 
44: 3 19 41 84 102 155 160 178 
45: 77 82 131 133 159 168 
46: 30 43 59 69 70 169 
47: 20 21 72 89 180 184 
48: 10 20 76 161 167 
49: 33 80 94 95 193 
50: 10 14 15 21 28 41 57 86 104 113 120 143 145 151 173 
51: 24 27 55 78 104 114 115 164 177 190 
52: 22 23 33 59 65 67 80 101 103 108 130 131 135 191 
53: 2 24 29 81 100 118 125 190 
54: 8 13 16 72 128 194 
55: 51 62 92 115 177 188 192 
56: 25 73 107 112 134 176 177 179 185 
57: 15 28 41 50 70 75 81 84 122 128 147 169 
58: 11 40 99 110 124 140 145 151 185 
59: 31 46 52 67 86 113 118 129 144 169 191 
60: 81 85 117 147 148 156 166 181 
61: 4 5 87 123 142 159 168 198 
62: 32 55 64 92 123 134 154 164 172 177 189 
63: 2 19 22 37 83 147 149 196 
64: 32 41 62 114 143 164 189 
65: 43 52 69 82 99 103 131 
66: 71 79 83 94 106 152 171 
67: 2 18 22 52 59 85 86 91 118 191 196 
68: 7 95 160 183 
69: 31 42 43 46 65 
70: 23 30 46 57 144 147 156 169 
71: 66 79 80 96 101 106 130 152 
72: 6 8 16 23 28 47 54 89 108 
73: 25 38 56 85 100 118 129 137 179 
74: 75 113 129 158 167 184 199 
75: 15 21 57 74 109 113 122 158 169 184 
76: 22 48 89 101 152 161 167 180 196 
77: 0 45 97 111 123 153 168 183 
78: 10 12 51 104 115 153 173 176 185 
79: 66 71 87 100 106 107 112 137 152 171 181 
80: 9 49 52 71 96 101 132 133 
81: 2 53 57 60 84 100 105 125 147 181 195 
82: 8 23 30 45 65 117 131 159 
83: 13 22 37 63 66 130 146 147 171 
84: 2 19 41 44 57 81 102 105 147 157 
85: 2 60 67 73 100 118 148 166 191 
86: 14 18 24 50 59 67 120 151 157 
87: 4 5 61 79 106 123 138 181 195 
88: 26 34 141 174 182 197 
89: 1 20 47 72 76 108 
90: 3 38 127 140 157 175 177 179 
91: 17 18 67 108 196 
92: 55 62 95 149 150 154 165 170 
93: 11 43 117 136 148 156 178 
94: 13 33 36 49 66 117 130 146 166 198 
95: 36 49 68 92 96 132 150 154 160 170 175 
96: 9 35 71 80 95 107 154 188 
97: 4 26 77 123 142 153 162 197 
98: 0 1 6 9 17 111 153 
99: 6 11 58 65 111 121 124 133 168 178 
100: 53 73 79 81 85 112 118 137 181 
101: 39 52 71 76 80 116 130 133 137 152 159 162 163 
102: 19 44 84 128 155 
103: 31 38 40 52 65 
104: 14 24 50 51 78 
105: 2 81 84 114 157 177 
106: 36 66 71 79 87 123 172 198 
107: 35 39 56 79 96 112 137 172 
108: 1 6 18 23 28 52 72 89 91 
109: 16 21 75 165 171 184 186 189 
110: 11 31 42 58 141 145 182 
111: 0 6 17 77 98 99 133 
112: 56 79 100 107 137 138 172 181 
113: 10 14 21 50 59 74 75 118 120 129 167 
114: 32 51 64 105 125 177 
115: 1 10 27 51 55 78 161 188 
116: 101 137 159 162 167 174 199 
117: 7 8 13 60 82 93 94 146 148 168 198 
118: 53 59 67 73 85 100 113 129 137 152 
119: 3 11 134 136 138 141 148 181 
120: 15 28 50 86 113 144 
121: 6 16 28 99 128 155 178 183 
122: 57 75 158 169 184 186 195 
123: 4 61 62 77 87 97 106 134 138 141 153 170 172 189 198 
124: 6 17 58 99 151 187 
125: 27 29 53 81 114 164 186 190 
126: 33 38 148 175 193 
127: 17 19 90 132 140 151 157 187 193 196 
128: 28 54 57 102 121 147 149 194 
129: 25 31 42 59 73 74 113 118 167 182 
130: 22 33 52 71 83 94 101 146 166 191 
131: 45 52 65 82 133 159 
132: 17 80 95 127 150 187 193 
133: 0 45 80 99 101 111 131 187 
134: 3 32 41 56 62 119 123 138 143 172 177 
135: 38 52 140 187 193 
136: 11 42 93 119 156 
137: 25 39 73 79 100 101 107 112 116 118 152 167 
138: 4 87 112 119 123 134 141 172 181 
139: 5 159 180 184 199 
140: 38 40 58 90 127 135 157 185 187 
141: 4 11 42 88 110 119 123 138 143 145 173 
142: 61 97 159 199 
143: 41 50 64 134 141 189 
144: 15 18 23 28 59 70 120 
145: 34 50 58 110 141 173 185 
146: 2 22 83 94 117 130 147 166 
147: 2 8 57 60 63 70 81 83 84 128 146 
148: 60 85 93 117 119 126 166 175 179 181 
149: 19 37 63 92 128 150 160 194 
150: 1 19 37 92 95 132 149 160 196 
151: 18 28 50 58 86 124 127 157 
152: 27 29 66 71 76 79 101 118 137 161 167 
153: 0 1 10 16 21 26 77 78 97 98 123 173 189 
154: 62 92 95 96 170 172 192 
155: 11 28 41 44 102 121 178 
156: 60 70 93 136 169 181 
157: 2 19 24 84 86 90 105 127 140 151 177 185 
158: 4 42 74 75 122 169 197 
159: 8 45 61 82 101 116 131 139 142 180 199 
160: 19 44 68 95 149 150 183 
161: 1 10 27 29 48 76 115 152 196 
162: 0 26 97 101 116 163 199 
163: 0 9 12 39 101 162 
164: 27 32 51 62 64 125 165 186 189 
165: 16 27 37 92 109 164 171 189 
166: 60 85 94 130 146 148 
167: 48 74 76 113 116 129 137 152 180 184 
168: 45 61 77 99 117 198 
169: 15 46 57 59 70 75 122 156 158 
170: 16 36 92 95 123 154 183 189 
171: 5 13 27 66 79 83 109 165 186 
172: 62 106 107 112 123 134 138 154 192 
173: 26 50 78 141 145 153 176 
174: 88 116 199 
175: 3 7 90 95 126 148 193 
176: 12 25 26 34 39 56 78 173 185 
177: 3 32 51 55 56 62 90 105 114 134 157 
178: 3 7 11 44 93 99 121 155 
179: 38 56 73 90 148 181 
180: 8 47 76 139 159 167 184 
181: 60 79 81 87 100 112 119 138 148 156 179 195 
182: 25 34 88 110 129 185 
183: 7 16 68 77 121 160 170 198 
184: 5 21 47 74 75 109 122 139 167 180 195 
185: 25 34 40 56 58 78 140 145 157 176 182 
186: 109 122 125 164 171 195 
187: 40 124 127 132 133 135 140 
188: 9 12 35 55 96 115 
189: 16 21 62 64 109 123 143 153 164 165 170 
190: 14 29 51 53 125 
191: 22 52 59 67 85 130 
192: 35 55 154 172 
193: 49 126 127 132 135 175 
194: 13 16 37 54 128 149 
195: 5 81 87 122 181 184 186 
196: 1 2 17 22 63 67 76 91 127 150 161 
197: 4 88 97 158 199 
198: 7 36 61 94 106 117 123 168 183 
199: 74 116 139 142 159 162 174 197 
# TimeStep: 50
0: 80 98 111 133 153 162 163 
1: 6 10 17 20 21 72 89 98 108 115 150 153 161 196 
2: 19 22 24 53 63 67 81 84 85 105 146 147 157 196 
3: 11 19 44 90 119 134 157 175 177 178 179 
4: 5 61 87 97 123 136 138 141 142 158 197 
5: 4 8 13 61 87 106 139 171 184 195 
6: 1 16 17 28 72 98 99 108 111 121 124 
7: 36 68 95 117 175 178 183 198 
8: 5 13 23 30 54 72 82 117 128 147 159 180 
9: 39 80 96 98 163 188 
10: 1 20 21 48 50 78 104 113 115 153 161 
11: 3 41 42 43 58 93 99 110 119 121 136 141 143 145 155 178 
12: 39 78 98 163 176 188 
13: 5 8 37 54 66 83 94 117 147 171 194 
14: 24 86 104 113 190 
15: 50 57 75 113 120 144 169 
16: 6 21 54 72 109 121 128 153 165 170 183 189 194 
17: 1 6 80 91 98 111 124 127 132 150 187 196 
18: 28 67 86 91 108 144 151 
19: 2 3 44 63 84 102 127 149 150 157 160 175 196 
20: 1 10 21 47 48 89 167 
21: 1 10 16 20 47 50 72 75 109 113 153 184 189 
22: 2 52 63 67 76 83 130 146 191 196 
23: 8 28 30 52 57 70 72 82 108 128 144 
24: 2 14 51 53 67 86 104 157 190 
25: 56 73 129 137 176 182 185 
26: 34 88 97 116 153 162 173 176 
27: 29 37 51 83 115 125 152 161 164 165 171 190 
28: 6 18 23 50 57 72 108 120 121 124 128 144 151 155 
29: 27 53 79 125 152 161 190 
30: 8 23 46 70 82 
31: 40 42 59 69 103 110 129 182 
32: 41 62 64 114 134 164 177 
33: 49 52 94 126 130 166 
34: 26 88 145 176 182 185 
35: 96 107 188 192 
36: 7 94 95 106 170 198 
37: 13 27 63 83 149 150 165 171 194 
38: 73 90 103 126 135 140 179 185 
39: 9 12 101 107 116 137 163 176 
40: 31 58 65 103 140 185 187 
41: 11 32 44 50 57 64 84 105 134 143 155 
42: 11 31 43 69 88 110 129 136 141 156 158 
43: 11 42 46 65 69 93 110 
44: 3 19 41 84 102 155 160 178 
45: 77 82 131 133 159 162 168 
46: 30 43 59 65 69 70 144 169 
47: 20 21 72 76 89 167 180 184 
48: 10 20 76 161 167 190 
49: 33 80 94 95 193 
50: 10 15 21 28 41 57 75 78 86 104 113 120 143 145 151 173 189 
51: 24 27 55 78 104 114 115 157 164 177 190 
52: 22 23 33 59 65 67 80 101 103 108 126 130 131 133 135 180 191 
53: 2 24 29 67 81 85 100 118 125 190 
54: 8 13 16 72 109 128 194 
55: 51 62 92 115 177 188 192 
56: 25 73 107 112 134 176 177 179 185 
57: 15 23 28 41 50 64 70 75 81 84 122 128 147 169 
58: 11 40 99 110 124 140 145 151 185 187 
59: 31 46 52 67 86 113 118 129 144 169 191 
60: 70 81 85 117 146 147 148 156 166 181 
61: 4 5 87 97 123 142 159 168 198 
62: 32 55 64 92 123 134 154 164 172 177 189 
63: 2 19 22 37 83 147 149 150 196 
64: 32 41 57 62 114 143 164 186 189 
65: 40 43 46 52 69 82 99 103 117 131 168 
66: 13 71 79 83 94 106 152 171 
67: 2 18 22 24 52 53 59 85 86 91 118 191 196 
68: 7 95 160 183 
69: 31 42 43 46 65 
70: 23 30 46 57 60 93 117 144 147 156 169 
71: 66 79 80 94 96 101 106 130 152 
72: 1 6 8 16 21 23 28 47 54 89 108 
73: 25 38 56 85 100 103 118 129 137 179 191 
74: 75 113 116 129 158 167 184 197 199 
75: 15 21 50 57 74 109 113 122 158 169 184 
76: 22 47 48 89 101 108 152 161 167 180 196 
77: 45 97 111 123 153 168 183 
78: 10 12 50 51 98 104 115 153 173 176 185 188 
79: 29 66 71 87 100 106 107 112 125 137 152 171 181 
80: 0 9 17 49 52 71 96 101 132 133 
81: 2 53 57 60 84 85 100 105 114 122 125 147 156 181 186 195 
82: 8 23 30 45 65 117 131 159 180 
83: 13 22 27 37 63 66 94 130 146 147 171 
84: 2 19 41 44 57 81 102 105 128 147 157 
85: 2 53 60 67 73 81 100 118 126 148 166 191 
86: 14 18 24 50 59 67 104 120 151 157 
87: 4 5 61 79 106 123 138 171 181 195 
88: 26 34 42 110 141 174 182 197 
89: 1 20 47 72 76 108 196 
90: 3 38 127 140 157 175 177 179 185 193 
91: 17 18 67 108 127 196 
92: 55 62 95 96 149 150 154 160 165 170 
93: 11 43 70 117 119 136 148 156 178 
94: 13 33 36 49 66 71 83 95 106 117 130 146 166 175 198 
95: 7 36 49 68 92 94 96 106 132 150 154 160 170 175 193 
96: 9 35 71 80 92 95 106 107 132 150 154 172 188 192 
97: 4 26 61 77 123 142 153 162 197 199 
98: 0 1 6 9 12 17 78 111 115 153 
99: 6 11 58 65 111 121 124 133 168 178 
100: 53 73 79 81 85 112 118 125 137 152 181 
101: 39 52 71 76 80 116 130 131 133 137 152 159 162 163 180 
102: 19 44 84 121 128 155 160 
103: 31 38 40 52 65 73 
104: 10 14 24 50 51 78 86 185 
105: 2 41 81 84 114 157 177 
106: 5 36 66 71 79 87 94 95 96 107 112 123 154 172 198 
107: 35 39 56 79 96 106 112 137 172 
108: 1 6 18 23 28 52 72 76 89 91 196 
109: 16 21 54 75 165 171 184 186 189 
110: 11 31 42 43 58 88 141 145 182 
111: 0 6 17 77 98 99 133 153 
112: 56 79 100 106 107 137 138 172 181 
113: 10 14 15 21 50 59 74 75 118 120 129 167 
114: 32 51 64 81 105 125 164 177 
115: 1 10 27 51 55 78 98 150 161 188 
116: 26 39 74 101 129 137 159 162 167 174 182 199 
117: 7 8 13 60 65 70 82 93 94 146 147 148 166 168 198 
118: 53 59 67 73 85 100 113 129 137 152 167 
119: 3 11 93 134 136 138 141 148 179 181 
120: 15 28 50 86 113 144 
121: 6 11 16 28 99 102 128 155 178 183 
122: 57 75 81 158 169 184 186 195 
123: 4 61 62 77 87 97 106 134 138 141 143 153 170 172 189 198 
124: 6 17 28 58 99 151 187 
125: 27 29 53 79 81 100 114 164 171 186 190 
126: 33 38 52 85 148 166 175 193 
127: 17 19 90 91 132 140 151 157 187 193 196 
128: 8 16 23 28 54 57 84 102 121 147 149 194 
129: 25 31 42 59 73 74 113 116 118 137 167 182 
130: 22 33 52 71 83 94 101 146 166 191 
131: 45 52 65 82 101 133 159 
132: 17 80 95 96 127 150 187 193 
133: 0 45 52 80 99 101 111 131 187 
134: 3 32 41 56 62 119 123 138 143 172 177 
135: 38 52 140 187 193 
136: 4 11 42 93 119 156 
137: 25 39 73 79 100 101 107 112 116 118 129 152 167 
138: 4 87 112 119 123 134 141 172 181 
139: 5 159 180 184 199 
140: 38 40 58 90 127 135 151 157 185 187 
141: 4 11 42 88 110 119 123 138 143 145 173 197 
142: 4 61 97 159 199 
143: 11 41 50 64 123 134 141 189 
144: 15 18 23 28 46 59 70 120 169 
145: 11 34 50 58 110 141 173 185 
146: 2 22 60 83 94 117 130 147 166 191 
147: 2 8 13 57 60 63 70 81 83 84 117 128 146 
148: 60 85 93 117 119 126 166 175 179 181 
149: 19 37 63 92 128 150 160 194 
150: 1 17 19 37 63 92 95 96 115 132 149 160 196 
151: 18 28 50 58 86 124 127 140 157 
152: 27 29 66 71 76 79 100 101 118 137 161 167 
153: 0 1 10 16 21 26 77 78 97 98 111 123 162 173 189 
154: 62 92 95 96 106 170 172 192 
155: 11 28 41 44 102 121 
156: 42 60 70 81 93 136 158 169 181 
157: 2 3 19 24 51 84 86 90 105 127 140 151 177 185 196 
158: 4 42 74 75 122 156 169 197 
159: 8 45 61 82 101 116 131 139 142 180 199 
160: 19 44 68 92 95 102 149 150 175 183 
161: 1 10 27 29 48 76 115 152 190 196 
162: 0 26 45 97 101 116 153 163 199 
163: 0 9 12 39 101 162 
164: 27 32 51 62 64 114 125 165 186 189 
165: 16 27 37 92 109 164 171 189 
166: 33 60 85 94 117 126 130 146 148 191 
167: 20 47 48 74 76 113 116 118 129 137 152 180 184 
168: 45 61 65 77 99 117 198 
169: 15 46 57 59 70 75 122 144 156 158 
170: 16 36 92 95 123 154 183 189 
171: 5 13 27 37 66 79 83 87 109 125 165 186 
172: 62 96 106 107 112 123 134 138 154 192 
173: 26 50 78 141 145 153 176 
174: 88 116 199 
175: 3 7 19 90 94 95 126 148 160 193 
176: 12 25 26 34 39 56 78 173 185 188 
177: 3 32 51 55 56 62 90 105 114 134 157 
178: 3 7 11 44 93 99 121 
179: 3 38 56 73 90 119 148 181 185 
180: 8 47 52 76 82 101 139 159 167 184 
181: 60 79 81 87 100 112 119 138 148 156 179 195 
182: 25 31 34 88 110 116 129 185 
183: 7 16 68 77 121 160 170 198 
184: 5 21 47 74 75 109 122 139 167 180 195 
185: 25 34 38 40 56 58 78 90 104 140 145 157 176 179 182 
186: 64 81 109 122 125 164 171 195 
187: 17 40 58 124 127 132 133 135 140 
188: 9 12 35 55 78 96 115 176 
189: 16 21 50 62 64 109 123 143 153 164 165 170 
190: 14 24 27 29 48 51 53 125 161 
191: 22 52 59 67 73 85 130 146 166 
192: 35 55 96 154 172 
193: 49 90 95 126 127 132 135 175 
194: 13 16 37 54 128 149 
195: 5 81 87 122 181 184 186 
196: 1 2 17 19 22 63 67 76 89 91 108 127 150 157 161 
197: 4 74 88 97 141 158 199 
198: 7 36 61 94 106 117 123 168 183 
199: 74 97 116 139 142 159 162 174 197 
# TimeStep: 100
0: 9 77 80 98 101 111 133 153 162 163 
1: 6 10 17 20 21 72 89 98 108 115 150 153 161 196 
2: 19 22 24 53 63 67 81 84 85 105 146 147 157 196 
3: 11 19 44 90 93 119 134 148 157 175 177 178 179 
4: 5 61 87 97 123 136 138 141 158 197 
5: 4 8 13 61 87 106 159 171 184 195 
6: 1 16 17 28 72 98 99 108 111 121 124 153 
7: 36 68 94 95 117 175 178 183 198 
8: 5 13 23 30 54 70 72 82 117 128 147 159 180 
9: 0 39 80 96 98 163 188 
10: 1 20 21 48 50 78 104 113 115 153 161 190 
11: 3 41 43 44 50 58 93 99 110 119 121 134 136 141 143 145 155 178 
12: 78 98 163 176 188 
13: 5 8 37 54 66 83 94 117 147 171 194 
14: 24 53 86 104 113 190 
15: 50 57 75 113 120 144 169 
16: 6 21 54 72 92 109 121 128 153 165 170 183 189 194 
17: 1 6 80 91 98 111 124 127 132 133 150 187 196 
18: 28 67 86 91 108 144 151 
19: 2 3 44 63 84 102 127 149 150 157 160 175 196 
20: 1 10 21 47 48 89 167 
21: 1 10 16 20 47 50 72 75 109 113 153 184 189 
22: 2 52 63 67 76 83 101 130 146 191 196 
23: 8 28 30 52 57 65 70 72 82 108 128 144 
24: 2 14 51 53 67 86 104 157 190 
25: 56 73 116 129 137 176 182 185 
26: 34 88 97 116 153 162 173 176 
27: 29 37 51 83 115 125 152 161 164 165 171 190 
28: 6 18 23 50 57 72 108 120 121 124 128 144 151 155 
29: 27 53 125 152 190 
30: 8 23 46 70 82 
31: 40 42 52 59 65 69 103 110 129 
32: 41 62 64 114 134 164 177 
33: 49 52 94 126 130 
34: 26 88 145 176 182 185 
35: 96 107 188 
36: 7 94 95 106 170 183 198 
37: 13 27 63 83 92 149 150 165 171 194 
38: 52 73 90 103 126 135 140 179 185 
39: 9 101 107 116 137 163 176 
40: 31 58 65 103 140 185 187 
41: 11 32 44 50 57 64 84 105 134 143 155 
42: 31 43 46 69 88 110 129 136 141 156 158 
43: 11 42 46 65 69 93 110 
44: 3 11 19 41 84 102 155 160 178 
45: 61 77 82 97 131 133 159 162 168 
46: 30 42 43 59 65 69 70 144 169 
47: 20 21 72 76 89 167 180 184 
48: 10 20 76 161 167 
49: 33 80 94 95 132 175 193 
50: 10 11 15 21 28 41 57 75 78 86 104 113 120 143 145 151 155 173 189 
51: 24 27 55 78 104 114 115 157 164 177 190 
52: 22 23 31 33 38 59 65 67 80 101 103 108 126 130 131 133 135 180 191 
53: 2 14 24 29 67 81 85 100 114 118 125 190 
54: 8 13 16 72 109 128 184 194 
55: 51 62 92 115 177 188 192 
56: 25 73 107 112 134 137 176 177 179 185 
57: 15 23 28 41 50 64 70 75 81 84 122 128 147 169 189 
58: 11 40 99 110 124 140 145 151 185 187 
59: 31 46 52 67 86 113 118 129 144 169 191 
60: 70 81 85 117 146 147 148 156 166 181 
61: 4 5 45 87 97 123 142 159 168 198 
62: 32 55 64 92 123 134 154 164 170 172 177 189 
63: 2 19 22 37 83 147 149 150 196 
64: 32 41 57 62 114 143 164 186 189 
65: 23 31 40 43 46 52 69 82 99 117 131 133 168 
66: 13 71 79 83 94 106 152 171 
67: 2 18 22 24 52 53 59 85 86 91 118 191 196 
68: 7 160 
69: 31 42 43 46 65 
70: 8 23 30 46 57 60 117 144 147 156 169 
71: 66 79 80 94 96 101 106 130 152 
72: 1 6 8 16 21 23 28 47 54 89 108 128 
73: 25 38 56 85 100 103 118 129 137 179 191 
74: 75 88 113 116 129 158 167 184 197 199 
75: 15 21 50 57 74 109 113 122 158 169 184 
76: 22 47 48 89 101 108 152 161 167 180 196 
77: 0 45 97 99 111 123 153 168 183 198 
78: 10 12 50 51 98 104 115 153 173 176 185 188 
79: 66 71 87 100 106 107 112 125 137 152 171 181 
80: 0 9 17 49 52 71 96 101 132 133 
81: 2 53 57 60 84 85 100 105 114 122 125 147 156 181 186 195 
82: 8 23 30 45 65 117 131 159 180 
83: 13 22 27 37 63 66 94 130 146 147 152 161 171 
84: 2 19 41 44 57 81 102 105 128 147 157 
85: 2 53 60 67 73 81 100 118 126 146 148 166 191 
86: 14 18 24 50 59 67 104 120 151 157 
87: 4 5 61 79 106 123 138 171 181 195 
88: 26 34 42 74 110 141 174 182 197 
89: 1 20 47 72 76 108 161 196 
90: 3 38 127 140 157 175 177 179 185 193 
91: 17 18 67 108 127 151 157 196 
92: 16 37 55 62 95 96 149 150 154 160 165 170 
93: 3 11 43 99 117 119 136 148 156 178 
94: 7 13 33 36 49 66 71 83 95 106 117 130 146 166 175 198 
95: 7 36 49 92 94 96 106 132 150 154 160 170 175 
96: 9 35 71 80 92 95 106 107 132 150 154 172 188 192 
97: 4 26 45 61 77 123 142 153 162 197 199 
98: 0 1 6 9 12 17 78 111 115 153 
99: 6 11 58 65 77 93 111 121 124 133 168 178 
100: 53 73 79 81 85 112 118 125 137 152 181 
101: 0 22 39 52 71 76 80 116 130 133 137 152 159 162 163 180 
102: 19 44 84 121 128 155 160 
103: 31 38 40 52 73 
104: 10 14 24 50 51 78 86 185 
105: 2 41 81 84 114 157 177 
106: 5 36 66 71 79 87 94 95 96 112 123 154 172 198 
107: 35 39 56 79 96 112 137 172 
108: 1 6 18 23 28 52 72 76 89 91 196 
109: 16 21 54 75 165 171 184 186 189 
110: 11 31 42 43 58 88 141 145 182 
111: 0 6 17 77 98 99 133 153 
112: 56 79 100 106 107 137 138 172 179 181 
113: 10 14 15 21 50 59 74 75 118 120 129 158 167 169 184 190 
114: 32 51 53 64 81 105 125 164 177 
115: 1 10 27 51 55 78 98 150 161 188 
116: 25 26 39 74 101 129 137 159 162 167 174 176 182 199 
117: 7 8 13 60 65 70 82 93 94 146 147 148 166 168 198 
118: 53 59 67 73 85 100 113 129 137 152 167 190 
119: 3 11 93 134 136 138 141 148 179 181 
120: 15 28 50 86 113 144 
121: 6 11 16 28 99 102 128 155 178 183 
122: 57 75 81 158 169 184 186 195 
123: 4 61 62 77 87 97 106 134 138 141 143 153 154 170 172 183 189 198 
124: 6 17 28 58 99 151 187 
125: 27 29 53 79 81 100 114 164 171 181 186 190 
126: 33 38 52 85 135 148 166 175 193 
127: 17 19 90 91 132 140 150 151 157 187 193 196 
128: 8 16 23 28 54 57 72 84 102 121 147 149 194 
129: 25 31 42 59 73 74 113 116 118 137 158 167 182 
130: 22 33 52 71 83 94 101 146 166 191 
131: 45 52 65 82 133 159 
132: 17 49 80 95 96 127 150 187 193 
133: 0 17 45 52 65 80 99 101 111 131 187 
134: 3 11 32 41 56 62 119 123 138 141 143 172 177 
135: 38 52 126 140 187 193 
136: 4 11 42 93 119 141 156 
137: 25 39 56 73 79 100 101 107 112 116 118 129 152 167 
138: 4 87 112 119 123 134 141 172 181 
139: 159 180 184 199 
140: 38 40 58 90 127 135 151 157 185 187 
141: 4 11 42 88 110 119 123 134 136 138 143 145 173 197 
142: 61 97 199 
143: 11 41 50 64 123 134 141 173 189 
144: 15 18 23 28 46 59 70 120 169 
145: 11 34 50 58 110 141 173 185 
146: 2 22 60 83 85 94 117 130 147 166 191 
147: 2 8 13 57 60 63 70 81 83 84 117 128 146 
148: 3 60 85 93 117 119 126 156 166 175 179 181 
149: 19 37 63 92 128 150 160 194 
150: 1 17 19 37 63 92 95 96 115 127 132 149 160 196 
151: 18 28 50 58 86 91 124 127 140 157 
152: 27 29 66 71 76 79 83 100 101 118 137 161 167 
153: 0 1 6 10 16 21 26 77 78 97 98 111 123 162 173 189 
154: 62 92 95 96 106 123 170 172 192 
155: 11 28 41 44 50 102 121 
156: 42 60 70 81 93 136 148 158 169 181 
157: 2 3 19 24 51 84 86 90 91 105 127 140 151 177 185 196 
158: 4 42 74 75 113 122 129 156 169 195 197 
159: 5 8 45 61 82 101 116 131 139 180 199 
160: 19 44 68 92 95 102 149 150 183 
161: 1 10 27 48 76 83 89 115 152 190 196 
162: 0 26 45 97 101 116 153 163 199 
163: 0 9 12 39 101 162 
164: 27 32 51 62 64 114 125 165 186 189 
165: 16 27 37 92 109 164 171 189 
166: 60 85 94 117 126 130 146 148 191 
167: 20 47 48 74 76 113 116 118 129 137 152 180 184 
168: 45 61 65 77 99 117 198 
169: 15 46 57 59 70 75 113 122 144 156 158 
170: 16 36 62 92 95 123 154 183 189 
171: 5 13 27 37 66 79 83 87 109 125 165 186 
172: 62 96 106 107 112 123 134 138 154 192 
173: 26 50 78 141 143 145 153 176 
174: 88 116 199 
175: 3 7 19 49 90 94 95 126 148 193 
176: 12 25 26 34 39 56 78 116 173 185 188 
177: 3 32 51 55 56 62 90 105 114 134 157 185 188 
178: 3 7 11 44 93 99 121 183 
179: 3 38 56 73 90 112 119 148 181 
180: 8 47 52 76 82 101 139 159 167 184 
181: 60 79 81 87 100 112 119 125 138 148 156 179 195 
182: 25 34 88 110 116 129 185 
183: 7 16 36 77 121 123 160 170 178 198 
184: 5 21 47 54 74 75 109 113 122 139 167 180 195 
185: 25 34 38 40 56 58 78 90 104 140 145 157 176 177 182 
186: 64 81 109 122 125 164 171 195 
187: 17 40 58 124 127 132 133 135 140 
188: 9 12 35 55 78 96 115 176 177 
189: 16 21 50 57 62 64 109 123 143 153 164 165 170 
190: 10 14 24 27 29 51 53 113 118 125 161 
191: 22 52 59 67 73 85 130 146 166 
192: 55 96 154 172 
193: 49 90 126 127 132 135 175 
194: 13 16 37 54 128 149 
195: 5 81 87 122 158 181 184 186 
196: 1 2 17 19 22 63 67 76 89 91 108 127 150 157 161 
197: 4 74 88 97 141 158 199 
198: 7 36 61 77 94 106 117 123 168 183 
199: 74 97 116 139 142 159 162 174 197 
